   0.0000000000000000        1.0000000000000000        0.0000000000000000        0.0000000000000000        2.6093831775700935                       Infinity
   1.0000000000000000E-002   1.0000000000000000        1.4999999999999999E-004   29.999999999999996        2.6093831775700935        1.5000000000000003E-002
   2.0000000000000000E-002   1.0000000000000000        2.1213203435596425E-004   42.426406871192846        2.6093831775700935        1.0606601717798215E-002
   2.9999999999999999E-002   1.0000000000000000        2.5980762113533162E-004   51.961524227066320        2.6093831775700935        8.6602540378443865E-003
   4.0000000000000001E-002   1.0000000000000000        2.9999999999999997E-004   59.999999999999993        2.6093831775700935        7.5000000000000015E-003
   5.0000000000000003E-002   1.0000000000000000        3.3541019662496849E-004   67.082039324993687        2.6093831775700935        6.7082039324993696E-003
   5.9999999999999998E-002   1.0000000000000000        3.6742346141747673E-004   73.484692283495335        2.6093831775700935        6.1237243569579464E-003
   7.0000000000000007E-002   1.0000000000000000        3.9686269665968865E-004   79.372539331937716        2.6093831775700935        5.6694670951384085E-003
   8.0000000000000002E-002   1.0000000000000000        4.2426406871192850E-004   84.852813742385692        2.6093831775700935        5.3033008588991076E-003
   8.9999999999999997E-002   1.0000000000000000        4.4999999999999999E-004   89.999999999999986        2.6093831775700935        5.0000000000000010E-003
  0.10000000000000001        1.0000000000000000        4.7434164902525691E-004   94.868329805051374        2.6093831775700935        4.7434164902525697E-003
  0.11000000000000000        1.0000000000000000        4.9749371855330995E-004   99.498743710661984        2.6093831775700935        4.5226701686664553E-003
  0.12000000000000000        1.0000000000000000        5.1961524227066324E-004   103.92304845413264        2.6093831775700935        4.3301270189221933E-003
  0.13000000000000000        1.0000000000000000        5.4083269131959845E-004   108.16653826391968        2.6093831775700935        4.1602514716892183E-003
  0.14000000000000001        1.0000000000000000        5.6124860801609123E-004   112.24972160321823        2.6093831775700935        4.0089186286863662E-003
  0.14999999999999999        1.0000000000000000        5.8094750193111251E-004   116.18950038622249        2.6093831775700935        3.8729833462074173E-003
  0.16000000000000000        1.0000000000000000        5.9999999999999995E-004   119.99999999999999        2.6093831775700935        3.7500000000000007E-003
  0.17000000000000001        1.0000000000000000        6.1846584384264909E-004   123.69316876852980        2.6093831775700935        3.6380343755449953E-003
  0.17999999999999999        1.0000000000000000        6.3639610306789277E-004   127.27922061357854        2.6093831775700935        3.5355339059327381E-003
  0.19000000000000000        1.0000000000000000        6.5383484153110104E-004   130.76696830622021        2.6093831775700935        3.4412360080584266E-003
  0.20000000000000001        1.0000000000000000        6.7082039324993699E-004   134.16407864998737        2.6093831775700935        3.3541019662496848E-003
  0.20999999999999999        1.0000000000000000        6.8738635424337596E-004   137.47727084867518        2.6093831775700935        3.2732683535398864E-003
  0.22000000000000000        1.0000000000000000        7.0356236397351444E-004   140.71247279470288        2.6093831775700935        3.1980107453341566E-003
  0.23000000000000001        1.0000000000000000        7.1937472849690793E-004   143.87494569938158        2.6093831775700935        3.1277162108561216E-003
  0.23999999999999999        1.0000000000000000        7.3484692283495346E-004   146.96938456699067        2.6093831775700935        3.0618621784789732E-003
  0.25000000000000000        1.0000000000000000        7.5000000000000002E-004   150.00000000000000        2.6093831775700935        3.0000000000000001E-003
  0.26000000000000001        1.0000000000000000        7.6485292703891775E-004   152.97058540778355        2.6093831775700935        2.9417420270727605E-003
  0.27000000000000002        1.0000000000000000        7.7942286340599480E-004   155.88457268119896        2.6093831775700935        2.8867513459481290E-003
  0.28000000000000003        1.0000000000000000        7.9372539331937729E-004   158.74507866387543        2.6093831775700935        2.8347335475692043E-003
  0.28999999999999998        1.0000000000000000        8.0777472107017561E-004   161.55494421403512        2.6093831775700935        2.7854300726557779E-003
  0.29999999999999999        1.0000000000000000        8.2158383625774922E-004   164.31676725154983        2.6093831775700935        2.7386127875258306E-003
  0.31000000000000000        1.0000000000000000        8.3516465442450331E-004   167.03293088490065        2.6093831775700935        2.6940795304016235E-003
  0.32000000000000001        1.0000000000000000        8.4852813742385699E-004   169.70562748477138        2.6093831775700935        2.6516504294495538E-003
  0.33000000000000002        1.0000000000000000        8.6168439698070432E-004   172.33687939614086        2.6093831775700935        2.6111648393354675E-003
  0.34000000000000002        1.0000000000000000        8.7464278422679507E-004   174.92855684535900        2.6093831775700935        2.5724787771376329E-003
  0.34999999999999998        1.0000000000000000        8.8741196746494242E-004   177.48239349298848        2.6093831775700935        2.5354627641855500E-003
  0.35999999999999999        1.0000000000000000        8.9999999999999998E-004   179.99999999999997        2.6093831775700935        2.5000000000000005E-003
  0.37000000000000000        1.0000000000000000        9.1241437954473295E-004   182.48287590894657        2.6093831775700935        2.4659848095803598E-003
  0.38000000000000000        1.0000000000000000        9.2466210044534652E-004   184.93242008906930        2.6093831775700935        2.4333213169614380E-003
  0.39000000000000001        1.0000000000000000        9.3674969975975975E-004   187.34993995195194        2.6093831775700935        2.4019223070763070E-003
  0.40000000000000002        1.0000000000000000        9.4868329805051382E-004   189.73665961010275        2.6093831775700935        2.3717082451262849E-003
  0.40999999999999998        1.0000000000000000        9.6046863561492725E-004   192.09372712298543        2.6093831775700935        2.3426064283290915E-003
  0.41999999999999998        1.0000000000000000        9.7211110476117901E-004   194.42222095223579        2.6093831775700935        2.3145502494313791E-003
  0.42999999999999999        1.0000000000000000        9.8361577864530011E-004   196.72315572906001        2.6093831775700935        2.2874785549890702E-003
  0.44000000000000000        1.0000000000000000        9.9498743710661991E-004   198.99748742132397        2.6093831775700935        2.2613350843332276E-003
  0.45000000000000001        1.0000000000000000        1.0062305898749053E-003   201.24611797498105        2.6093831775700935        2.2360679774997899E-003
  0.46000000000000002        1.0000000000000000        1.0173494974687902E-003   203.46989949375802        2.6093831775700935        2.2116293423234575E-003
  0.46999999999999997        1.0000000000000000        1.0283481900601567E-003   205.66963801203133        2.6093831775700935        2.1879748724684183E-003
  0.47999999999999998        1.0000000000000000        1.0392304845413265E-003   207.84609690826528        2.6093831775700935        2.1650635094610966E-003
  0.48999999999999999        1.0000000000000000        1.0499999999999999E-003   209.99999999999997        2.6093831775700935        2.1428571428571434E-003
  0.50000000000000000        1.0000000000000000        1.0606601717798212E-003   212.13203435596424        2.6093831775700935        2.1213203435596429E-003
  0.51000000000000001        1.0000000000000000        1.0712142642814275E-003   214.24285285628548        2.6093831775700935        2.1004201260420149E-003
  0.52000000000000002        1.0000000000000000        1.0816653826391969E-003   216.33307652783935        2.6093831775700935        2.0801257358446091E-003
  0.53000000000000003        1.0000000000000000        1.0920164833920778E-003   218.40329667841553        2.6093831775700935        2.0604084592303357E-003
  0.54000000000000004        1.0000000000000000        1.1022703842524303E-003   220.45407685048602        2.6093831775700935        2.0412414523193153E-003
  0.55000000000000004        1.0000000000000000        1.1124297730643496E-003   222.48595461286990        2.6093831775700935        2.0225995873897262E-003
  0.56000000000000005        1.0000000000000000        1.1224972160321825E-003   224.49944320643647        2.6093831775700935        2.0044593143431831E-003
  0.56999999999999995        1.0000000000000000        1.1324751652906126E-003   226.49503305812249        2.6093831775700935        1.9867985355975660E-003
  0.57999999999999996        1.0000000000000000        1.1423659658795862E-003   228.47319317591720        2.6093831775700935        1.9695964928958388E-003
  0.58999999999999997        1.0000000000000000        1.1521718621802911E-003   230.43437243605820        2.6093831775700935        1.9528336647123585E-003
  0.59999999999999998        1.0000000000000000        1.1618950038622250E-003   232.37900077244498        2.6093831775700935        1.9364916731037087E-003
  0.60999999999999999        1.0000000000000000        1.1715374513859981E-003   234.30749027719961        2.6093831775700935        1.9205531989934400E-003
  0.62000000000000000        1.0000000000000000        1.1811011811017715E-003   236.22023622035428        2.6093831775700935        1.9050019050028579E-003
  0.63000000000000000        1.0000000000000000        1.1905880899790657E-003   238.11761799581311        2.6093831775700935        1.8898223650461365E-003
  0.64000000000000001        1.0000000000000000        1.1999999999999999E-003   239.99999999999997        2.6093831775700935        1.8750000000000004E-003
  0.65000000000000002        1.0000000000000000        1.2093386622447826E-003   241.86773244895650        2.6093831775700935        1.8605210188381268E-003
  0.66000000000000003        1.0000000000000000        1.2186057606953940E-003   243.72115213907878        2.6093831775700935        1.8463723646899913E-003
  0.67000000000000004        1.0000000000000000        1.2278029157808676E-003   245.56058315617352        2.6093831775700935        1.8325416653445783E-003
  0.68000000000000005        1.0000000000000000        1.2369316876852982E-003   247.38633753705960        2.6093831775700935        1.8190171877724977E-003
  0.68999999999999995        1.0000000000000000        1.2459935794377113E-003   249.19871588754225        2.6093831775700935        1.8057877962865381E-003
  0.69999999999999996        1.0000000000000000        1.2549900398011132E-003   250.99800796022262        2.6093831775700935        1.7928429140015908E-003
  0.70999999999999996        1.0000000000000000        1.2639224659764538E-003   252.78449319529074        2.6093831775700935        1.7801724872907802E-003
  0.71999999999999997        1.0000000000000000        1.2727922061357855E-003   254.55844122715709        2.6093831775700935        1.7677669529663691E-003
  0.72999999999999998        1.0000000000000000        1.2816005617976296E-003   256.32011235952592        2.6093831775700935        1.7556172079419587E-003
  0.73999999999999999        1.0000000000000000        1.2903487900563940E-003   258.06975801127879        2.6093831775700935        1.7437145811572893E-003
  0.75000000000000000        1.0000000000000000        1.2990381056766579E-003   259.80762113533154        2.6093831775700935        1.7320508075688776E-003
  0.76000000000000001        1.0000000000000000        1.3076696830622021E-003   261.53393661244041        2.6093831775700935        1.7206180040292133E-003
  0.77000000000000002        1.0000000000000000        1.3162446581088184E-003   263.24893162176363        2.6093831775700935        1.7094086468945695E-003
  0.78000000000000003        1.0000000000000000        1.3247641299491770E-003   264.95282598983539        2.6093831775700935        1.6984155512168937E-003
  0.79000000000000004        1.0000000000000000        1.3332291625973384E-003   266.64583251946766        2.6093831775700935        1.6876318513890359E-003
  0.80000000000000004        1.0000000000000000        1.3416407864998740E-003   268.32815729997475        2.6093831775700935        1.6770509831248424E-003
  0.81000000000000005        1.0000000000000000        1.3500000000000001E-003   270.00000000000000        2.6093831775700935        1.6666666666666668E-003
  0.81999999999999995        1.0000000000000000        1.3583077707206126E-003   271.66155414412248        2.6093831775700935        1.6564728911226984E-003
  0.82999999999999996        1.0000000000000000        1.3665650368716448E-003   273.31300737432895        2.6093831775700935        1.6464638998453555E-003
  0.83999999999999997        1.0000000000000000        1.3747727084867519E-003   274.95454169735035        2.6093831775700935        1.6366341767699432E-003
  0.84999999999999998        1.0000000000000000        1.3829316685939330E-003   276.58633371878659        2.6093831775700935        1.6269784336399216E-003
  0.85999999999999999        1.0000000000000000        1.3910427743243556E-003   278.20855486487108        2.6093831775700935        1.6174915980515766E-003
  0.87000000000000000        1.0000000000000000        1.3991068579633221E-003   279.82137159266438        2.6093831775700935        1.6081688022566928E-003
  0.88000000000000000        1.0000000000000000        1.4071247279470289E-003   281.42494558940575        2.6093831775700935        1.5990053726670783E-003
  0.89000000000000001        1.0000000000000000        1.4150971698084905E-003   283.01943396169810        2.6093831775700935        1.5899968200095401E-003
  0.90000000000000002        1.0000000000000000        1.4230249470757708E-003   284.60498941515414        2.6093831775700935        1.5811388300841897E-003
  0.91000000000000003        1.0000000000000000        1.4309088021254187E-003   286.18176042508372        2.6093831775700935        1.5724272550828773E-003
  0.92000000000000004        1.0000000000000000        1.4387494569938159E-003   287.74989139876317        2.6093831775700935        1.5638581054280608E-003
  0.93000000000000005        1.0000000000000000        1.4465476141489434E-003   289.30952282978865        2.6093831775700935        1.5554275420956380E-003
  0.93999999999999995        1.0000000000000000        1.4543039572248986E-003   290.86079144497972        2.6093831775700935        1.5471318693881903E-003
  0.94999999999999996        1.0000000000000000        1.4620191517213446E-003   292.40383034426890        2.6093831775700935        1.5389675281277312E-003
  0.95999999999999996        1.0000000000000000        1.4696938456699069E-003   293.93876913398134        2.6093831775700935        1.5309310892394866E-003
  0.96999999999999997        1.0000000000000000        1.4773286702694157E-003   295.46573405388312        2.6093831775700935        1.5230192477004288E-003
  0.97999999999999998        1.0000000000000000        1.4849242404917499E-003   296.98484809834997        2.6093831775700935        1.5152288168283161E-003
  0.98999999999999999        1.0000000000000000        1.4924811556599300E-003   298.49623113198595        2.6093831775700935        1.5075567228888184E-003
   1.0000000000000000        1.0000000000000000        1.5000000000000000E-003   300.00000000000000        2.6093831775700935        1.5000000000000000E-003
